  0.127837E-04  0.197892E+08  0.197892E+08  0.263646E+08  0.263646E+08  0.197760E+08  0.197892E+08
  0.156141E-04  0.197892E+08  0.197892E+08  0.263542E+08  0.263542E+08  0.197759E+08  0.197892E+08
  0.190711E-04  0.197892E+08  0.197892E+08  0.263388E+08  0.263387E+08  0.197758E+08  0.197891E+08
  0.232935E-04  0.197891E+08  0.197891E+08  0.263157E+08  0.263156E+08  0.197757E+08  0.197891E+08
  0.284507E-04  0.197891E+08  0.197891E+08  0.262814E+08  0.262812E+08  0.197756E+08  0.197890E+08
  0.347498E-04  0.197890E+08  0.197890E+08  0.262302E+08  0.262300E+08  0.197754E+08  0.197889E+08
  0.424435E-04  0.197888E+08  0.197888E+08  0.261540E+08  0.261537E+08  0.197750E+08  0.197888E+08
  0.518406E-04  0.197886E+08  0.197886E+08  0.260408E+08  0.260403E+08  0.197745E+08  0.197886E+08
  0.633182E-04  0.197883E+08  0.197883E+08  0.258727E+08  0.258719E+08  0.197737E+08  0.197883E+08
  0.773370E-04  0.197879E+08  0.197879E+08  0.256237E+08  0.256226E+08  0.197726E+08  0.197878E+08
  0.944597E-04  0.197872E+08  0.197872E+08  0.252564E+08  0.252548E+08  0.197709E+08  0.197871E+08
  0.115373E-03  0.197862E+08  0.197862E+08  0.247173E+08  0.247150E+08  0.197684E+08  0.197861E+08
  0.140917E-03  0.197847E+08  0.197847E+08  0.239326E+08  0.239293E+08  0.197646E+08  0.197846E+08
  0.172117E-03  0.197825E+08  0.197825E+08  0.228042E+08  0.227997E+08  0.197590E+08  0.197824E+08
  0.210224E-03  0.197791E+08  0.197791E+08  0.212112E+08  0.212054E+08  0.197506E+08  0.197790E+08
  0.256768E-03  0.197743E+08  0.197742E+08  0.190239E+08  0.190171E+08  0.197382E+08  0.197741E+08
  0.313617E-03  0.197671E+08  0.197671E+08  0.161455E+08  0.161387E+08  0.197199E+08  0.197669E+08
  0.383053E-03  0.197566E+08  0.197565E+08  0.125973E+08  0.125936E+08  0.196928E+08  0.197563E+08
  0.467862E-03  0.197413E+08  0.197413E+08  0.865054E+07  0.865527E+07  0.196532E+08  0.197409E+08
  0.571448E-03  0.197195E+08  0.197194E+08  0.493377E+07  0.495429E+07  0.195954E+08  0.197189E+08
  0.697968E-03  0.196886E+08  0.196886E+08  0.229950E+07  0.234054E+07  0.195121E+08  0.196878E+08
  0.852500E-03  0.196457E+08  0.196456E+08  0.119116E+07  0.124640E+07  0.193933E+08  0.196446E+08
  0.104125E-02  0.195869E+08  0.195868E+08  0.917262E+06  0.967893E+06  0.192262E+08  0.195853E+08
  0.127178E-02  0.195075E+08  0.195073E+08  0.454625E+06  0.490029E+06  0.189955E+08  0.195051E+08
  0.155336E-02  0.194012E+08  0.194009E+08  0.177084E+06  0.206776E+06  0.186840E+08  0.193980E+08
  0.189727E-02  0.192608E+08  0.192604E+08  0.000000E+00  0.000000E+00  0.182757E+08  0.192563E+08
  0.231734E-02  0.190777E+08  0.190770E+08  0.000000E+00  0.000000E+00  0.177592E+08  0.190717E+08
  0.283040E-02  0.188420E+08  0.188411E+08  0.000000E+00  0.000000E+00  0.171299E+08  0.188342E+08
  0.345706E-02  0.185436E+08  0.185422E+08  0.000000E+00  0.000000E+00  0.163859E+08  0.185337E+08
  0.422246E-02  0.181715E+08  0.181695E+08  0.000000E+00  0.000000E+00  0.155188E+08  0.181593E+08
  0.515732E-02  0.177148E+08  0.177120E+08  0.000000E+00  0.000000E+00  0.145145E+08  0.177000E+08
  0.629917E-02  0.171623E+08  0.171581E+08  0.000000E+00  0.000000E+00  0.133700E+08  0.171447E+08
  0.769382E-02  0.165026E+08  0.164965E+08  0.000000E+00  0.000000E+00  0.120992E+08  0.164819E+08
  0.939726E-02  0.157258E+08  0.157171E+08  0.000000E+00  0.000000E+00  0.107282E+08  0.157020E+08
  0.114778E-01  0.148175E+08  0.148051E+08  0.000000E+00  0.000000E+00  0.928830E+07  0.147908E+08
  0.140191E-01  0.137758E+08  0.137586E+08  0.000000E+00  0.000000E+00  0.782665E+07  0.137464E+08
  0.171229E-01  0.125868E+08  0.125634E+08  0.000000E+00  0.000000E+00  0.638730E+07  0.125554E+08
  0.209140E-01  0.112579E+08  0.112270E+08  0.000000E+00  0.000000E+00  0.502402E+07  0.112251E+08
  0.255444E-01  0.981380E+07  0.977535E+07  0.000000E+00  0.000000E+00  0.378969E+07  0.978079E+07
  0.312000E-01  0.831848E+07  0.827433E+07  0.000000E+00  0.000000E+00  0.273380E+07  0.828655E+07
  0.381077E-01  0.689142E+07  0.684668E+07  0.000000E+00  0.000000E+00  0.189545E+07  0.686203E+07
  0.465449E-01  0.568379E+07  0.564639E+07  0.000000E+00  0.000000E+00  0.128674E+07  0.565824E+07
  0.568501E-01  0.477271E+07  0.474887E+07  0.000000E+00  0.000000E+00  0.874961E+06  0.475152E+07
  0.694369E-01  0.402757E+07  0.401423E+07  0.000000E+00  0.000000E+00  0.588276E+06  0.401007E+07
  0.848104E-01  0.320266E+07  0.318849E+07  0.000000E+00  0.000000E+00  0.366768E+06  0.318774E+07
  0.103588E+00  0.242879E+07  0.241308E+07  0.000000E+00  0.000000E+00  0.214822E+06  0.241641E+07
  0.126522E+00  0.198034E+07  0.197244E+07  0.000000E+00  0.000000E+00  0.133482E+06  0.197083E+07
  0.154535E+00  0.150568E+07  0.149765E+07  0.000000E+00  0.000000E+00  0.762842E+05  0.149802E+07
  0.188749E+00  0.116735E+07  0.116221E+07  0.000000E+00  0.000000E+00  0.439306E+05  0.116151E+07
  0.230538E+00  0.869447E+06  0.864689E+06  0.000000E+00  0.000000E+00  0.240246E+05  0.864915E+06
  0.281580E+00  0.661732E+06  0.658479E+06  0.000000E+00  0.000000E+00  0.132913E+05  0.658318E+06
  0.343923E+00  0.494412E+06  0.492024E+06  0.000000E+00  0.000000E+00  0.715036E+04  0.491855E+06
  0.420069E+00  0.365649E+06  0.363856E+06  0.000000E+00  0.000000E+00  0.377505E+04  0.363747E+06
  0.513073E+00  0.269341E+06  0.268034E+06  0.000000E+00  0.000000E+00  0.196979E+04  0.267939E+06
  0.626669E+00  0.197071E+06  0.196114E+06  0.000000E+00  0.000000E+00  0.101381E+04  0.196043E+06
  0.765415E+00  0.143426E+06  0.142731E+06  0.000000E+00  0.000000E+00  0.515759E+03  0.142677E+06
  0.934879E+00  0.103863E+06  0.103360E+06  0.000000E+00  0.000000E+00  0.259603E+03  0.103320E+06
  0.114187E+01  0.748783E+05  0.745154E+05  0.000000E+00  0.000000E+00  0.129432E+03  0.744867E+05
  0.139468E+01  0.537617E+05  0.535011E+05  0.000000E+00  0.000000E+00  0.639797E+02  0.534803E+05
  0.170346E+01  0.384571E+05  0.382708E+05  0.000000E+00  0.000000E+00  0.313828E+02  0.382558E+05
  0.208061E+01  0.274161E+05  0.272832E+05  0.000000E+00  0.000000E+00  0.152873E+02  0.272725E+05
  0.254127E+01  0.194841E+05  0.193897E+05  0.000000E+00  0.000000E+00  0.740066E+01  0.193821E+05
  0.310391E+01  0.138076E+05  0.137406E+05  0.000000E+00  0.000000E+00  0.356280E+01  0.137352E+05
  0.379113E+01  0.975922E+04  0.971190E+04  0.000000E+00  0.000000E+00  0.170672E+01  0.970809E+04
  0.463049E+01  0.688121E+04  0.684783E+04  0.000000E+00  0.000000E+00  0.813986E+00  0.684516E+04
  0.565569E+01  0.484114E+04  0.481762E+04  0.000000E+00  0.000000E+00  0.386687E+00  0.481577E+04
  0.690788E+01  0.339886E+04  0.338232E+04  0.000000E+00  0.000000E+00  0.183054E+00  0.338104E+04
  0.843731E+01  0.238170E+04  0.237009E+04  0.000000E+00  0.000000E+00  0.863869E-01  0.236922E+04
  0.103053E+02  0.166599E+04  0.165783E+04  0.000000E+00  0.000000E+00  0.406555E-01  0.165725E+04
  0.125870E+02  0.116342E+04  0.115770E+04  0.000000E+00  0.000000E+00  0.190853E-01  0.115731E+04
  0.153738E+02  0.811201E+03  0.807176E+03  0.000000E+00  0.000000E+00  0.893975E-02  0.806937E+03
  0.187776E+02  0.564791E+03  0.561955E+03  0.000000E+00  0.000000E+00  0.417920E-02  0.561816E+03
  0.229350E+02  0.392689E+03  0.390683E+03  0.000000E+00  0.000000E+00  0.195019E-02  0.390616E+03
  0.280128E+02  0.272675E+03  0.271245E+03  0.000000E+00  0.000000E+00  0.908553E-03  0.271229E+03
  0.342149E+02  0.189101E+03  0.188072E+03  0.000000E+00  0.000000E+00  0.422632E-03  0.188093E+03
  0.417902E+02  0.130982E+03  0.130231E+03  0.000000E+00  0.000000E+00  0.196303E-03  0.130278E+03
  0.510427E+02  0.906154E+02  0.900553E+02  0.000000E+00  0.000000E+00  0.910606E-04  0.901217E+02
  0.623437E+02  0.626108E+02  0.621826E+02  0.000000E+00  0.000000E+00  0.421835E-04  0.622633E+02
  0.761468E+02  0.432040E+02  0.428664E+02  0.000000E+00  0.000000E+00  0.195116E-04  0.429576E+02
  0.930059E+02  0.297691E+02  0.294934E+02  0.000000E+00  0.000000E+00  0.901083E-05  0.295925E+02
  0.113598E+03  0.204773E+02  0.202439E+02  0.000000E+00  0.000000E+00  0.415400E-05  0.203490E+02
  0.138748E+03  0.140572E+02  0.138527E+02  0.000000E+00  0.000000E+00  0.191061E-05  0.139622E+02
  0.169468E+03  0.962526E+01  0.944097E+01  0.000000E+00  0.000000E+00  0.876365E-06  0.955328E+01
  0.206988E+03  0.656915E+01  0.639970E+01  0.000000E+00  0.000000E+00  0.400520E-06  0.651319E+01
  0.252816E+03  0.446459E+01  0.430715E+01  0.000000E+00  0.000000E+00  0.182166E-06  0.441993E+01
  0.308791E+03  0.301827E+01  0.287200E+01  0.000000E+00  0.000000E+00  0.823678E-07  0.298184E+01
  0.377157E+03  0.202764E+01  0.189324E+01  0.000000E+00  0.000000E+00  0.369968E-07  0.199751E+01
  0.460661E+03  0.135288E+01  0.123198E+01  0.000000E+00  0.000000E+00  0.164799E-07  0.132789E+01
  0.562652E+03  0.897220E+00  0.791506E+00  0.000000E+00  0.000000E+00  0.729607E-08  0.876644E+00
